jenkins

       1   14.0300035
      10   27.9041052
     100   41.8330193
    1000   55.7785034
    2000   69.6295977
    5000   83.8068962
   10000   98.2833862
   20000  112.2689962
   50000  126.1591911
  100000  140.0120735

 bernstein

        1   15.7310009
      10   31.4934969
     100   47.2177982
    1000   63.0848169
    2000   78.7675142
    5000   94.4674015
   10000  110.2560997
   20000  126.0239840
   50000  141.7825937
  100000  157.4918032

sax

       1   17.7874088
      10   35.6732130
     100   53.4363031
    1000   71.1688042
    2000   89.0472889
    5000  106.8598032
   10000  124.8161077
   20000  142.6106930
   50000  160.4230881
  100000  178.1977892

oat

       1   18.8613892
      10   37.5518799
     100   55.8563948
    1000   74.2706060
    2000   92.7355051
    5000  111.1803055
   10000  129.5125008
   20000  147.6036787
   50000  165.7770634
  100000  184.0297461

fnv
       1   15.5215025
      10   30.9419155
     100   46.3311195
    1000   61.7973089
    2000   77.2883177
    5000   92.6845074
   10000  108.2854033
   20000  123.7550020
   50000  139.2729998
  100000  154.7055960

sfh

       1   12.9880905
      10   26.0529041
     100   39.0292168
    1000   51.8093348
    2000   64.4818544
    5000   77.1824598
   10000   89.9650574
   20000  102.7383566
   50000  115.6338692
  100000  128.2339811