# data from comet
#  times in ms (why?)
# procs    10K        20K         30K         40K         50K         100K
#1        4843.97     9777.06                            36454.51    131518.07
#2        4287.10    10353.48                            35254.12    127069.61
#4        4572.64    10761.89                            35622.74    129124.01
#8        5070.15    10444.87                            35696.63    134604.08
#16       5104.76    10710.71                            39858.86    136068.17
#32       5169.39    11073.40                            38681.98    135586.26
#64       5121.91    11221.07                            38906.55    139832.90
#72       5212.63    11452.73                            38544.16    147833.95
                       
12        1931.71     6744.92   24771.35    52977.49     99480.58   247290.10   
24        2911.66     9884.39   23583.98    55547.31    125232.96   236143.90   
48        2724.05    10652.61   26886.31    54034.02    112989.48   299405.06   
96        3706.95    12248.29   28203.16    58159.56    234433.96   260504.65   
192       3988.67    13292.20   30189.06    73849.09    215816.02   325825.34   
384       3963.81    18151.34   56295.17   134128.75    186173.86   299405.06   

